Donald Trump:
MSE: 0.133332
PCA_Matrix:
[[ 0.237171   -0.00527188  0.08837416 ..., -0.31182279 -0.04602897
  -0.28606489]
 [ 0.23681372 -0.00581181  0.09015288 ..., -0.30754334  0.04458495
  -0.29907444]
 [ 0.1084864  -0.04348019 -0.24008653 ..., -0.01947261 -0.00223406
  -0.01342974]
 ..., 
 [ 0.10895153  0.0123477   0.00401759 ...,  0.07441839 -0.01778159
   0.00895819]
 [ 0.00517739  0.04726489 -0.19581877 ...,  0.00966883  0.00815681
   0.00384344]
 [-0.00043275 -0.01132654  0.14114382 ..., -0.01062729  0.00682356
  -0.00387851]]

Ted Cruz:
MSE: 0.166662
PCA_Matrix:
[[ 0.23686916 -0.01334959  0.09136089 ...,  0.03229983 -0.04465901
  -0.03249551]
 [ 0.2365009  -0.01419257  0.0930739  ..., -0.00902202 -0.05192193
  -0.02278173]
 [ 0.10882378 -0.02121448 -0.25620457 ..., -0.1888892  -0.01264467
   0.0593486 ]
 ..., 
 [ 0.10870525  0.00645789  0.00441062 ...,  0.07492714 -0.08529267
   0.03265365]
 [ 0.01794947  0.1650279  -0.16950125 ..., -0.15701454  0.10579728
  -0.2346401 ]
 [ 0.0359782   0.13693389 -0.06367832 ...,  0.01267563 -0.01440682
   0.03016492]]

Hillary Clinton:
MSE: 0.126747
PCA_Matrix:
[[ -2.38295880e-01   4.90607391e-03  -9.20633020e-02 ...,   1.46514103e-02
    1.83525672e-02   8.03652901e-01]
 [ -2.37904431e-01   5.08828264e-03  -9.38784543e-02 ...,   1.34456755e-01
   -1.66509240e-02  -3.91906626e-01]
 [ -1.09891450e-01   4.78179598e-02   2.46829976e-01 ...,  -9.43572137e-04
   -1.19459814e-03  -3.03328675e-03]
 ..., 
 [ -1.09881010e-01  -1.49415704e-02   5.21802182e-03 ...,   8.29204284e-03
   -1.56835696e-02  -8.90571266e-05]
 [  1.31628840e-02   7.13943015e-02   5.38254918e-02 ...,   3.92190898e-04
   -8.69605439e-04  -6.51475997e-05]
 [  4.03874986e-03   5.25372267e-02  -1.07572556e-01 ...,   8.12709890e-04
   -2.74535119e-03   3.10213246e-04]]

Bernie Sanders:
MSE: 0.305924
PCA_Matrix:
[[ 0.23817892 -0.0106978   0.08590171 ...,  0.02751545  0.08668644
   0.14675865]
 [ 0.23777964 -0.01118402  0.08791187 ...,  0.02620161  0.08167019
   0.18313575]
 [ 0.1101033  -0.0306435  -0.24253767 ..., -0.01839551 -0.03210911
  -0.00291564]
 ..., 
 [ 0.1097451   0.01079724  0.00578287 ..., -0.01996514 -0.0509703
  -0.11956633]
 [ 0.02027527  0.08787811 -0.1718727  ...,  0.00611326  0.00535422
  -0.00457302]
 [-0.01213067 -0.16301262  0.13814497 ...,  0.02802274 -0.00579194
  -0.00177363]]

